CLASS DISTRIBUTION
abuse_label
0    42060
1     7192
2     6112
3     4636


POLICY ABUSER NUMERIC COMPARISON
                     feature  policy_mean  other_mean  difference
         avg_order_value_usd   110.536333  199.671424   89.135091
   wishlist_to_cart_time_hrs    36.278796   29.336267    6.942529
            account_age_days  1253.892659 1250.251212    3.641447
              days_to_return    15.483454   16.169823    0.686369
          is_high_value_item     0.000000    0.430957    0.430957
      multiple_accounts_flag     0.349555    0.041414    0.308141
               discount_used     0.447859    0.210158    0.237701
                         age    43.959956   44.125189    0.165234
      returns_last_90d_prior     0.009177    0.007612    0.001564
      returns_last_30d_prior     0.003476    0.002708    0.000768
 customer_return_count_prior     0.034344    0.034048    0.000296
total_returns_lifetime_prior     0.034344    0.034048    0.000296


POLICY ABUSER CORRELATIONS
                     feature  correlation
      multiple_accounts_flag     0.372452
          is_high_value_item    -0.288487
         avg_order_value_usd    -0.210104
               discount_used     0.181126
   wishlist_to_cart_time_hrs     0.098629
              days_to_return    -0.019564
      returns_last_90d_prior     0.005776
      returns_last_30d_prior     0.004722
                         age    -0.003517
            account_age_days     0.001638
 customer_return_count_prior     0.000516
total_returns_lifetime_prior     0.000516


CATEGORICAL FEATURES

--- customer_segment ---
abuse_label           0      1      2      3
customer_segment                            
Bronze            30.08  19.56  19.55  20.02
Gold              14.80  24.92  24.90  25.15
New               25.25  10.30  10.19  10.42
Platinum           4.87  15.63  14.79  13.85
Silver            25.00  29.59  30.56  30.57

--- country ---
abuse_label      0      1      2      3
country                                
AU            8.50   8.12   9.03   7.94
BR            8.43   8.23   8.12   7.59
CA            8.31   8.83   8.28   8.54
DE            8.19   7.98   8.00   7.55
FR            8.26   9.37   7.97   8.33
GB            8.30   7.83   8.30   8.54
IN            8.31   8.63   8.15   8.69
US           41.70  41.00  42.16  42.82

--- platform ---
abuse_label      0      1      2      3
platform                               
Mobile App   33.13  33.47  34.06  33.76
Tablet App   33.57  32.08  33.79  33.67
Web Browser  33.30  34.45  32.15  32.57

--- device_type ---
abuse_label      0      1      2      3
device_type                            
Android      20.16  19.73  19.39  20.47
MacBook      20.19  20.23  19.98  20.23
Windows PC   20.23  19.63  20.21  19.74
iPad         19.46  19.86  21.01  19.41
iPhone       19.96  20.55  19.42  20.15

--- payment_method ---
abuse_label            0      1      2      3
payment_method                               
Buy Now Pay Later  10.12  10.34  25.79  25.58
Credit Card        34.88  35.47  20.58  19.61
Crypto              2.96   3.11   4.56   4.94
Debit Card         24.89  24.39  15.33  15.55
Gift Card           7.14   7.04  14.68  14.95
PayPal             20.01  19.65  19.06  19.37

--- product_category ---
abuse_label           0      1      2      3
product_category                            
Beauty             8.08   7.79   8.25  14.78
Books              5.91   6.13   5.63   1.94
Clothing          19.90  20.41  20.16  30.28
Electronics       15.04  14.77  14.64   4.72
Furniture          3.98   4.42   3.80   2.22
Grocery            4.05   4.07   4.04   1.08
Home & Kitchen    10.08  10.34  10.06   5.13
Jewelry            4.13   3.85   4.29   7.18
Shoes             11.84  11.48  11.76  19.61
Sports             7.84   7.79   8.38   8.11
Tools              4.03   4.03   3.75   2.11
Toys               5.12   4.91   5.25   2.83

--- order_date ---
abuse_label     0     1     2     3
order_date                         
2022-01-01   0.11  0.07  0.15  0.11
2022-01-02   0.15  0.19  0.25  0.09
2022-01-03   0.16  0.11  0.13  0.11
2022-01-04   0.15  0.17  0.11  0.02
2022-01-05   0.14  0.17  0.21  0.11
2022-01-06   0.13  0.07  0.13  0.11
2022-01-07   0.17  0.15  0.13  0.17
2022-01-08   0.15  0.18  0.10  0.24
2022-01-09   0.15  0.17  0.16  0.02
2022-01-10   0.14  0.14  0.11  0.15
2022-01-11   0.12  0.08  0.21  0.09
2022-01-12   0.15  0.25  0.16  0.09
2022-01-13   0.15  0.10  0.08  0.15
2022-01-14   0.15  0.14  0.15  0.22
2022-01-15   0.14  0.11  0.18  0.28
2022-01-16   0.14  0.13  0.15  0.15
2022-01-17   0.12  0.28  0.13  0.11
2022-01-18   0.19  0.14  0.13  0.06
2022-01-19   0.14  0.17  0.15  0.17
2022-01-20   0.13  0.22  0.11  0.13
2022-01-21   0.16  0.13  0.13  0.15
2022-01-22   0.15  0.24  0.16  0.06
2022-01-23   0.17  0.13  0.11  0.13
2022-01-24   0.13  0.11  0.11  0.26
2022-01-25   0.13  0.15  0.11  0.22
2022-01-26   0.13  0.13  0.15  0.26
2022-01-27   0.15  0.18  0.18  0.13
2022-01-28   0.15  0.08  0.18  0.17
2022-01-29   0.12  0.06  0.08  0.15
2022-01-30   0.15  0.17  0.05  0.15
2022-01-31   0.15  0.13  0.11  0.11
2022-02-01   0.12  0.11  0.08  0.15
2022-02-02   0.15  0.13  0.08  0.13
2022-02-03   0.11  0.11  0.05  0.13
2022-02-04   0.19  0.10  0.26  0.17
2022-02-05   0.15  0.14  0.11  0.09
2022-02-06   0.11  0.15  0.08  0.24
2022-02-07   0.13  0.13  0.10  0.09
2022-02-08   0.14  0.18  0.15  0.13
2022-02-09   0.17  0.21  0.15  0.11
2022-02-10   0.16  0.21  0.21  0.09
2022-02-11   0.16  0.14  0.20  0.19
2022-02-12   0.16  0.17  0.15  0.09
2022-02-13   0.15  0.17  0.10  0.11
2022-02-14   0.13  0.13  0.13  0.26
2022-02-15   0.12  0.22  0.18  0.17
2022-02-16   0.13  0.14  0.18  0.19
2022-02-17   0.17  0.07  0.20  0.06
2022-02-18   0.12  0.19  0.10  0.11
2022-02-19   0.14  0.21  0.16  0.30
2022-02-20   0.16  0.10  0.10  0.06
2022-02-21   0.11  0.11  0.11  0.15
2022-02-22   0.15  0.17  0.10  0.11
2022-02-23   0.17  0.15  0.13  0.19
2022-02-24   0.13  0.10  0.16  0.11
2022-02-25   0.14  0.22  0.18  0.22
2022-02-26   0.19  0.13  0.13  0.09
2022-02-27   0.13  0.14  0.13  0.19
2022-02-28   0.12  0.07  0.16  0.28
2022-03-01   0.12  0.14  0.11  0.11
2022-03-02   0.15  0.19  0.16  0.13
2022-03-03   0.13  0.14  0.10  0.09
2022-03-04   0.17  0.18  0.18  0.06
2022-03-05   0.11  0.14  0.20  0.13
2022-03-06   0.15  0.11  0.11  0.19
2022-03-07   0.17  0.08  0.18  0.13
2022-03-08   0.17  0.18  0.13  0.02
2022-03-09   0.14  0.14  0.20  0.15
2022-03-10   0.10  0.08  0.13  0.13
2022-03-11   0.15  0.14  0.16  0.19
2022-03-12   0.14  0.15  0.15  0.09
2022-03-13   0.15  0.19  0.13  0.06
2022-03-14   0.14  0.13  0.25  0.13
2022-03-15   0.12  0.17  0.20  0.13
2022-03-16   0.14  0.14  0.11  0.11
2022-03-17   0.16  0.18  0.10  0.06
2022-03-18   0.18  0.13  0.08  0.15
2022-03-19   0.15  0.24  0.25  0.02
2022-03-20   0.12  0.13  0.23  0.15
2022-03-21   0.15  0.15  0.20  0.19
2022-03-22   0.13  0.15  0.13  0.22
2022-03-23   0.15  0.17  0.15  0.30
2022-03-24   0.16  0.13  0.08  0.15
2022-03-25   0.13  0.11  0.15  0.17
2022-03-26   0.14  0.07  0.18  0.17
2022-03-27   0.18  0.11  0.15  0.04
2022-03-28   0.14  0.18  0.25  0.17
2022-03-29   0.14  0.11  0.15  0.06
2022-03-30   0.19  0.13  0.10  0.17
2022-03-31   0.16  0.08  0.10  0.11
2022-04-01   0.12  0.19  0.29  0.15
2022-04-02   0.15  0.19  0.13  0.13
2022-04-03   0.13  0.21  0.20  0.09
2022-04-04   0.15  0.15  0.08  0.28
2022-04-05   0.16  0.15  0.18  0.17
2022-04-06   0.13  0.14  0.11  0.19
2022-04-07   0.13  0.11  0.11  0.13
2022-04-08   0.17  0.11  0.03  0.11
2022-04-09   0.20  0.18  0.20  0.19
2022-04-10   0.14  0.14  0.21  0.26
2022-04-11   0.13  0.15  0.20  0.13
2022-04-12   0.12  0.06  0.13  0.13
2022-04-13   0.16  0.11  0.10  0.09
2022-04-14   0.11  0.17  0.11  0.11
2022-04-15   0.13  0.10  0.05  0.09
2022-04-16   0.12  0.17  0.16  0.13
2022-04-17   0.17  0.14  0.08  0.24
2022-04-18   0.13  0.18  0.21  0.17
2022-04-19   0.13  0.19  0.15  0.17
2022-04-20   0.13  0.14  0.10  0.19
2022-04-21   0.14  0.11  0.11  0.17
2022-04-22   0.17  0.17  0.16  0.13
2022-04-23   0.13  0.13  0.07  0.15
2022-04-24   0.15  0.17  0.18  0.17
2022-04-25   0.18  0.13  0.05  0.11
2022-04-26   0.17  0.08  0.08  0.11
2022-04-27   0.14  0.13  0.13  0.15
2022-04-28   0.18  0.15  0.13  0.13
2022-04-29   0.16  0.18  0.13  0.19
2022-04-30   0.12  0.11  0.15  0.17
2022-05-01   0.13  0.21  0.16  0.11
2022-05-02   0.12  0.22  0.08  0.09
2022-05-03   0.12  0.11  0.20  0.11
2022-05-04   0.14  0.13  0.08  0.11
2022-05-05   0.13  0.13  0.28  0.22
2022-05-06   0.16  0.19  0.15  0.06
2022-05-07   0.17  0.11  0.13  0.19
2022-05-08   0.17  0.22  0.18  0.13
2022-05-09   0.13  0.13  0.15  0.11
2022-05-10   0.15  0.13  0.15  0.11
2022-05-11   0.13  0.22  0.11  0.24
2022-05-12   0.15  0.19  0.11  0.09
2022-05-13   0.16  0.11  0.16  0.24
2022-05-14   0.15  0.15  0.11  0.19
2022-05-15   0.13  0.14  0.16  0.11
2022-05-16   0.12  0.18  0.11  0.11
2022-05-17   0.14  0.15  0.10  0.17
2022-05-18   0.13  0.15  0.18  0.17
2022-05-19   0.16  0.14  0.21  0.13
2022-05-20   0.16  0.13  0.05  0.17
2022-05-21   0.14  0.17  0.15  0.19
2022-05-22   0.15  0.10  0.16  0.06
2022-05-23   0.14  0.15  0.11  0.09
2022-05-24   0.12  0.13  0.10  0.13
2022-05-25   0.15  0.13  0.16  0.19
2022-05-26   0.15  0.11  0.15  0.19
2022-05-27   0.17  0.10  0.15  0.19
2022-05-28   0.13  0.15  0.13  0.11
2022-05-29   0.14  0.19  0.16  0.26
2022-05-30   0.15  0.10  0.16  0.13
2022-05-31   0.15  0.14  0.23  0.06
2022-06-01   0.14  0.06  0.10  0.11
2022-06-02   0.15  0.17  0.23  0.15
2022-06-03   0.15  0.18  0.16  0.06
2022-06-04   0.13  0.26  0.11  0.17
2022-06-05   0.14  0.10  0.20  0.11
2022-06-06   0.12  0.18  0.13  0.11
2022-06-07   0.15  0.14  0.15  0.13
2022-06-08   0.16  0.22  0.11  0.09
2022-06-09   0.13  0.14  0.13  0.11
2022-06-10   0.13  0.13  0.08  0.04
2022-06-11   0.16  0.13  0.16  0.17
2022-06-12   0.11  0.08  0.11  0.06
2022-06-13   0.13  0.21  0.11  0.11
2022-06-14   0.11  0.14  0.23  0.17
2022-06-15   0.14  0.14  0.21  0.09
2022-06-16   0.14  0.10  0.20  0.09
2022-06-17   0.16  0.11  0.16  0.09
2022-06-18   0.16  0.10  0.15  0.17
2022-06-19   0.14  0.19  0.15  0.13
2022-06-20   0.15  0.19  0.10  0.04
2022-06-21   0.17  0.13  0.10  0.04
2022-06-22   0.12  0.06  0.15  0.19
2022-06-23   0.10  0.08  0.16  0.15
2022-06-24   0.13  0.10  0.21  0.22
2022-06-25   0.16  0.07  0.08  0.22
2022-06-26   0.15  0.15  0.15  0.22
2022-06-27   0.15  0.11  0.08  0.11
2022-06-28   0.13  0.15  0.25  0.06
2022-06-29   0.19  0.28  0.26  0.19
2022-06-30   0.14  0.17  0.18  0.15
2022-07-01   0.13  0.10  0.07  0.04
2022-07-02   0.18  0.17  0.08  0.09
2022-07-03   0.15  0.14  0.07  0.11
2022-07-04   0.12  0.14  0.15  0.06
2022-07-05   0.15  0.15  0.13  0.11
2022-07-06   0.14  0.15  0.33  0.17
2022-07-07   0.18  0.19  0.16  0.17
2022-07-08   0.15  0.15  0.15  0.09
2022-07-09   0.17  0.15  0.11  0.17
2022-07-10   0.12  0.15  0.11  0.22
2022-07-11   0.15  0.07  0.15  0.11
2022-07-12   0.11  0.17  0.15  0.17
2022-07-13   0.14  0.22  0.20  0.02
2022-07-14   0.11  0.17  0.16  0.06
2022-07-15   0.12  0.11  0.15  0.11
2022-07-16   0.13  0.13  0.15  0.09
2022-07-17   0.12  0.17  0.15  0.11
2022-07-18   0.13  0.10  0.10  0.17
2022-07-19   0.15  0.18  0.10  0.11
2022-07-20   0.14  0.14  0.15  0.19
2022-07-21   0.15  0.15  0.23  0.19
2022-07-22   0.11  0.14  0.05  0.17
2022-07-23   0.12  0.21  0.16  0.15
2022-07-24   0.12  0.13  0.18  0.13
2022-07-25   0.13  0.13  0.16  0.13
2022-07-26   0.15  0.17  0.10  0.15
2022-07-27   0.12  0.10  0.18  0.11
2022-07-28   0.16  0.13  0.25  0.06
2022-07-29   0.14  0.15  0.16  0.06
2022-07-30   0.14  0.14  0.13  0.15
2022-07-31   0.13  0.15  0.15  0.15
2022-08-01   0.11  0.21  0.16  0.19
2022-08-02   0.16  0.22  0.15  0.13
2022-08-03   0.14  0.17  0.16  0.17
2022-08-04   0.15  0.14  0.11  0.06
2022-08-05   0.14  0.17  0.23  0.11
2022-08-06   0.13  0.06  0.16  0.11
2022-08-07   0.16  0.11  0.25  0.19
2022-08-08   0.14  0.11  0.15  0.06
2022-08-09   0.12  0.24  0.11  0.04
2022-08-10   0.14  0.14  0.08  0.09
2022-08-11   0.17  0.10  0.10  0.17
2022-08-12   0.15  0.14  0.23  0.06
2022-08-13   0.14  0.18  0.13  0.22
2022-08-14   0.15  0.14  0.21  0.09
2022-08-15   0.12  0.18  0.08  0.13
2022-08-16   0.15  0.10  0.16  0.26
2022-08-17   0.14  0.17  0.10  0.09
2022-08-18   0.15  0.11  0.08  0.30
2022-08-19   0.14  0.17  0.15  0.04
2022-08-20   0.15  0.13  0.13  0.06
2022-08-21   0.14  0.15  0.13  0.11
2022-08-22   0.11  0.13  0.18  0.17
2022-08-23   0.12  0.10  0.13  0.11
2022-08-24   0.15  0.19  0.18  0.17
2022-08-25   0.13  0.14  0.11  0.11
2022-08-26   0.14  0.11  0.13  0.11
2022-08-27   0.17  0.18  0.13  0.09
2022-08-28   0.15  0.14  0.05  0.13
2022-08-29   0.12  0.13  0.13  0.13
2022-08-30   0.15  0.14  0.13  0.19
2022-08-31   0.12  0.18  0.11  0.15
2022-09-01   0.12  0.14  0.20  0.09
2022-09-02   0.15  0.06  0.15  0.06
2022-09-03   0.16  0.17  0.08  0.24
2022-09-04   0.16  0.13  0.15  0.13
2022-09-05   0.14  0.13  0.10  0.13
2022-09-06   0.14  0.11  0.13  0.19
2022-09-07   0.17  0.11  0.13  0.22
2022-09-08   0.17  0.08  0.10  0.15
2022-09-09   0.14  0.13  0.11  0.04
2022-09-10   0.16  0.13  0.18  0.17
2022-09-11   0.17  0.11  0.08  0.11
2022-09-12   0.16  0.10  0.15  0.19
2022-09-13   0.12  0.10  0.15  0.09
2022-09-14   0.16  0.11  0.11  0.15
2022-09-15   0.11  0.17  0.13  0.22
2022-09-16   0.11  0.18  0.10  0.11
2022-09-17   0.15  0.10  0.08  0.13
2022-09-18   0.16  0.15  0.13  0.09
2022-09-19   0.14  0.13  0.10  0.24
2022-09-20   0.13  0.11  0.13  0.15
2022-09-21   0.15  0.07  0.13  0.13
2022-09-22   0.12  0.17  0.16  0.17
2022-09-23   0.14  0.15  0.26  0.17
2022-09-24   0.13  0.21  0.15  0.11
2022-09-25   0.12  0.11  0.13  0.17
2022-09-26   0.17  0.15  0.18  0.09
2022-09-27   0.17  0.07  0.13  0.13
2022-09-28   0.14  0.15  0.16  0.06
2022-09-29   0.13  0.25  0.20  0.09
2022-09-30   0.15  0.13  0.16  0.11
2022-10-01   0.14  0.25  0.11  0.15
2022-10-02   0.16  0.15  0.08  0.09
2022-10-03   0.16  0.24  0.16  0.11
2022-10-04   0.13  0.13  0.05  0.15
2022-10-05   0.13  0.19  0.13  0.09
2022-10-06   0.13  0.14  0.10  0.19
2022-10-07   0.13  0.25  0.18  0.13
2022-10-08   0.20  0.07  0.07  0.15
2022-10-09   0.18  0.07  0.15  0.15
2022-10-10   0.12  0.08  0.18  0.24
2022-10-11   0.16  0.07  0.16  0.11
2022-10-12   0.12  0.19  0.16  0.15
2022-10-13   0.13  0.07  0.18  0.15
2022-10-14   0.17  0.15  0.13  0.09
2022-10-15   0.10  0.15  0.11  0.06
2022-10-16   0.16  0.15  0.25  0.19
2022-10-17   0.12  0.11  0.15  0.15
2022-10-18   0.13  0.11  0.11  0.04
2022-10-19   0.15  0.10  0.03  0.22
2022-10-20   0.10  0.17  0.15  0.09
2022-10-21   0.13  0.14  0.15  0.26
2022-10-22   0.15  0.18  0.10  0.11
2022-10-23   0.15  0.17  0.21  0.13
2022-10-24   0.15  0.13  0.18  0.13
2022-10-25   0.16  0.11  0.13  0.13
2022-10-26   0.15  0.15  0.11  0.17
2022-10-27   0.15  0.18  0.13  0.09
2022-10-28   0.15  0.19  0.10  0.17
2022-10-29   0.15  0.14  0.21  0.11
2022-10-30   0.14  0.13  0.11  0.22
2022-10-31   0.12  0.22  0.11  0.06
2022-11-01   0.14  0.11  0.13  0.11
2022-11-02   0.13  0.15  0.18  0.15
2022-11-03   0.16  0.08  0.15  0.22
2022-11-04   0.14  0.18  0.10  0.19
2022-11-05   0.14  0.10  0.08  0.06
2022-11-06   0.15  0.18  0.13  0.26
2022-11-07   0.12  0.08  0.18  0.04
2022-11-08   0.13  0.08  0.15  0.15
2022-11-09   0.12  0.11  0.13  0.09
2022-11-10   0.16  0.11  0.10  0.15
2022-11-11   0.15  0.15  0.15  0.22
2022-11-12   0.13  0.15  0.05  0.17
2022-11-13   0.13  0.10  0.15  0.22
2022-11-14   0.15  0.10  0.11  0.19
2022-11-15   0.17  0.07  0.16  0.13
2022-11-16   0.15  0.18  0.13  0.17
2022-11-17   0.14  0.11  0.20  0.09
2022-11-18   0.15  0.11  0.11  0.04
2022-11-19   0.12  0.18  0.11  0.26
2022-11-20   0.15  0.10  0.11  0.24
2022-11-21   0.15  0.15  0.11  0.24
2022-11-22   0.16  0.14  0.03  0.06
2022-11-23   0.13  0.13  0.18  0.19
2022-11-24   0.18  0.13  0.13  0.26
2022-11-25   0.11  0.08  0.03  0.22
2022-11-26   0.14  0.24  0.25  0.04
2022-11-27   0.15  0.11  0.23  0.09
2022-11-28   0.17  0.08  0.11  0.19
2022-11-29   0.13  0.17  0.18  0.13
2022-11-30   0.15  0.18  0.11  0.04
2022-12-01   0.18  0.17  0.15  0.17
2022-12-02   0.15  0.19  0.10  0.15
2022-12-03   0.13  0.15  0.15  0.02
2022-12-04   0.17  0.14  0.13  0.15
2022-12-05   0.16  0.15  0.15  0.15
2022-12-06   0.13  0.07  0.15  0.04
2022-12-07   0.14  0.13  0.10  0.13
2022-12-08   0.13  0.18  0.16  0.11
2022-12-09   0.13  0.21  0.16  0.24
2022-12-10   0.11  0.25  0.10  0.15
2022-12-11   0.17  0.10  0.21  0.11
2022-12-12   0.13  0.29  0.20  0.13
2022-12-13   0.15  0.10  0.15  0.19
2022-12-14   0.15  0.17  0.10  0.11
2022-12-15   0.12  0.10  0.10  0.15
2022-12-16   0.12  0.10  0.15  0.17
2022-12-17   0.13  0.15  0.15  0.17
2022-12-18   0.15  0.14  0.10  0.15
2022-12-19   0.13  0.15  0.10  0.19
2022-12-20   0.14  0.21  0.23  0.11
2022-12-21   0.16  0.13  0.15  0.09
2022-12-22   0.15  0.11  0.18  0.13
2022-12-23   0.13  0.13  0.16  0.17
2022-12-24   0.13  0.11  0.15  0.17
2022-12-25   0.16  0.18  0.16  0.13
2022-12-26   0.14  0.24  0.16  0.17
2022-12-27   0.16  0.19  0.11  0.26
2022-12-28   0.13  0.21  0.15  0.17
2022-12-29   0.13  0.11  0.05  0.26
2022-12-30   0.15  0.15  0.13  0.24
2022-12-31   0.16  0.21  0.15  0.11
2023-01-01   0.13  0.18  0.20  0.22
2023-01-02   0.16  0.13  0.11  0.17
2023-01-03   0.11  0.14  0.13  0.15
2023-01-04   0.15  0.13  0.18  0.06
2023-01-05   0.14  0.11  0.11  0.06
2023-01-06   0.16  0.17  0.13  0.15
2023-01-07   0.10  0.06  0.07  0.11
2023-01-08   0.13  0.10  0.11  0.09
2023-01-09   0.16  0.08  0.08  0.13
2023-01-10   0.14  0.11  0.13  0.22
2023-01-11   0.16  0.11  0.21  0.11
2023-01-12   0.13  0.14  0.15  0.15
2023-01-13   0.12  0.17  0.21  0.17
2023-01-14   0.15  0.14  0.13  0.17
2023-01-15   0.17  0.13  0.21  0.28
2023-01-16   0.15  0.13  0.16  0.11
2023-01-17   0.15  0.19  0.10  0.11
2023-01-18   0.12  0.13  0.11  0.11
2023-01-19   0.13  0.17  0.16  0.11
2023-01-20   0.13  0.14  0.18  0.17
2023-01-21   0.16  0.14  0.11  0.11
2023-01-22   0.13  0.13  0.20  0.28
2023-01-23   0.13  0.19  0.18  0.11
2023-01-24   0.16  0.17  0.15  0.30
2023-01-25   0.13  0.17  0.10  0.11
2023-01-26   0.16  0.11  0.20  0.11
2023-01-27   0.14  0.08  0.15  0.24
2023-01-28   0.16  0.14  0.16  0.17
2023-01-29   0.15  0.14  0.20  0.04
2023-01-30   0.14  0.15  0.08  0.22
2023-01-31   0.13  0.13  0.20  0.15
2023-02-01   0.14  0.14  0.08  0.04
2023-02-02   0.16  0.15  0.13  0.22
2023-02-03   0.16  0.11  0.16  0.11
2023-02-04   0.14  0.18  0.23  0.24
2023-02-05   0.17  0.06  0.13  0.15
2023-02-06   0.11  0.13  0.08  0.32
2023-02-07   0.13  0.24  0.07  0.11
2023-02-08   0.16  0.19  0.15  0.19
2023-02-09   0.14  0.10  0.11  0.11
2023-02-10   0.13  0.17  0.11  0.19
2023-02-11   0.14  0.19  0.13  0.17
2023-02-12   0.15  0.11  0.16  0.24
2023-02-13   0.16  0.25  0.18  0.09
2023-02-14   0.15  0.18  0.15  0.17
2023-02-15   0.11  0.11  0.15  0.09
2023-02-16   0.15  0.08  0.20  0.19
2023-02-17   0.14  0.18  0.07  0.24
2023-02-18   0.15  0.08  0.20  0.13
2023-02-19   0.10  0.19  0.20  0.13
2023-02-20   0.15  0.13  0.10  0.15
2023-02-21   0.12  0.13  0.08  0.15
2023-02-22   0.15  0.14  0.18  0.09
2023-02-23   0.16  0.07  0.28  0.15
2023-02-24   0.14  0.21  0.23  0.06
2023-02-25   0.19  0.18  0.07  0.13
2023-02-26   0.11  0.17  0.25  0.19
2023-02-27   0.13  0.11  0.16  0.17
2023-02-28   0.13  0.17  0.20  0.13
2023-03-01   0.16  0.15  0.11  0.13
2023-03-02   0.16  0.13  0.11  0.06
2023-03-03   0.14  0.07  0.11  0.15
2023-03-04   0.14  0.08  0.20  0.22
2023-03-05   0.14  0.14  0.16  0.17
2023-03-06   0.14  0.06  0.10  0.19
2023-03-07   0.13  0.17  0.05  0.15
2023-03-08   0.14  0.17  0.11  0.22
2023-03-09   0.16  0.10  0.20  0.15
2023-03-10   0.12  0.10  0.05  0.06
2023-03-11   0.15  0.24  0.20  0.22
2023-03-12   0.17  0.15  0.15  0.22
2023-03-13   0.16  0.21  0.08  0.17
2023-03-14   0.13  0.11  0.23  0.11
2023-03-15   0.15  0.15  0.18  0.17
2023-03-16   0.13  0.14  0.26  0.11
2023-03-17   0.15  0.14  0.10  0.11
2023-03-18   0.13  0.25  0.10  0.11
2023-03-19   0.14  0.19  0.08  0.13
2023-03-20   0.14  0.18  0.13  0.04
2023-03-21   0.15  0.11  0.08  0.19
2023-03-22   0.15  0.14  0.18  0.13
2023-03-23   0.14  0.08  0.11  0.15
2023-03-24   0.14  0.22  0.28  0.19
2023-03-25   0.16  0.14  0.15  0.09
2023-03-26   0.14  0.19  0.18  0.19
2023-03-27   0.15  0.18  0.20  0.11
2023-03-28   0.14  0.10  0.10  0.13
2023-03-29   0.15  0.22  0.20  0.11
2023-03-30   0.12  0.18  0.23  0.19
2023-03-31   0.13  0.15  0.10  0.15
2023-04-01   0.16  0.11  0.11  0.09
2023-04-02   0.11  0.14  0.20  0.17
2023-04-03   0.15  0.15  0.11  0.17
2023-04-04   0.17  0.11  0.15  0.15
2023-04-05   0.13  0.11  0.16  0.09
2023-04-06   0.16  0.17  0.16  0.17
2023-04-07   0.15  0.14  0.13  0.15
2023-04-08   0.15  0.21  0.10  0.13
2023-04-09   0.15  0.13  0.13  0.15
2023-04-10   0.14  0.13  0.08  0.13
2023-04-11   0.14  0.10  0.10  0.04
2023-04-12   0.11  0.08  0.10  0.06
2023-04-13   0.11  0.06  0.20  0.15
2023-04-14   0.12  0.18  0.15  0.13
2023-04-15   0.11  0.15  0.10  0.22
2023-04-16   0.15  0.14  0.11  0.06
2023-04-17   0.16  0.03  0.15  0.32
2023-04-18   0.15  0.11  0.16  0.11
2023-04-19   0.14  0.25  0.15  0.13
2023-04-20   0.15  0.11  0.16  0.19
2023-04-21   0.15  0.15  0.25  0.13
2023-04-22   0.11  0.24  0.11  0.11
2023-04-23   0.12  0.15  0.05  0.13
2023-04-24   0.16  0.21  0.13  0.15
2023-04-25   0.12  0.14  0.21  0.13
2023-04-26   0.14  0.14  0.21  0.13
2023-04-27   0.15  0.21  0.26  0.11
2023-04-28   0.13  0.28  0.10  0.17
2023-04-29   0.14  0.11  0.13  0.04
2023-04-30   0.18  0.14  0.18  0.19
2023-05-01   0.17  0.14  0.15  0.13
2023-05-02   0.13  0.13  0.11  0.13
2023-05-03   0.11  0.14  0.18  0.13
2023-05-04   0.20  0.18  0.20  0.09
2023-05-05   0.18  0.13  0.11  0.19
2023-05-06   0.16  0.22  0.07  0.15
2023-05-07   0.14  0.14  0.15  0.15
2023-05-08   0.16  0.14  0.20  0.13
2023-05-09   0.15  0.14  0.10  0.13
2023-05-10   0.13  0.15  0.23  0.13
2023-05-11   0.18  0.17  0.15  0.13
2023-05-12   0.17  0.11  0.15  0.17
2023-05-13   0.14  0.10  0.11  0.04
2023-05-14   0.14  0.06  0.13  0.13
2023-05-15   0.14  0.19  0.13  0.11
2023-05-16   0.15  0.13  0.15  0.15
2023-05-17   0.14  0.24  0.16  0.17
2023-05-18   0.16  0.22  0.03  0.15
2023-05-19   0.16  0.13  0.15  0.11
2023-05-20   0.15  0.17  0.10  0.22
2023-05-21   0.16  0.07  0.16  0.06
2023-05-22   0.16  0.10  0.15  0.06
2023-05-23   0.16  0.18  0.20  0.15
2023-05-24   0.16  0.11  0.18  0.19
2023-05-25   0.13  0.07  0.10  0.15
2023-05-26   0.17  0.13  0.08  0.35
2023-05-27   0.13  0.14  0.11  0.19
2023-05-28   0.15  0.13  0.11  0.06
2023-05-29   0.10  0.14  0.23  0.13
2023-05-30   0.15  0.15  0.11  0.13
2023-05-31   0.14  0.07  0.11  0.09
2023-06-01   0.16  0.14  0.16  0.02
2023-06-02   0.12  0.17  0.15  0.13
2023-06-03   0.15  0.18  0.11  0.17
2023-06-04   0.15  0.11  0.11  0.06
2023-06-05   0.17  0.10  0.13  0.04
2023-06-06   0.15  0.10  0.18  0.11
2023-06-07   0.18  0.18  0.13  0.17
2023-06-08   0.13  0.13  0.05  0.13
2023-06-09   0.12  0.14  0.13  0.13
2023-06-10   0.16  0.11  0.07  0.11
2023-06-11   0.14  0.06  0.07  0.19
2023-06-12   0.16  0.11  0.20  0.15
2023-06-13   0.14  0.19  0.18  0.11
2023-06-14   0.16  0.11  0.10  0.15
2023-06-15   0.12  0.13  0.21  0.13
2023-06-16   0.17  0.13  0.16  0.15
2023-06-17   0.19  0.14  0.13  0.11
2023-06-18   0.13  0.14  0.23  0.17
2023-06-19   0.17  0.10  0.08  0.15
2023-06-20   0.17  0.18  0.20  0.22
2023-06-21   0.11  0.17  0.08  0.09
2023-06-22   0.15  0.08  0.20  0.17
2023-06-23   0.16  0.17  0.08  0.13
2023-06-24   0.11  0.14  0.13  0.15
2023-06-25   0.14  0.15  0.25  0.17
2023-06-26   0.14  0.10  0.13  0.15
2023-06-27   0.14  0.14  0.13  0.30
2023-06-28   0.16  0.19  0.15  0.11
2023-06-29   0.12  0.14  0.10  0.11
2023-06-30   0.14  0.14  0.15  0.15
2023-07-01   0.17  0.17  0.08  0.11
2023-07-02   0.13  0.15  0.15  0.17
2023-07-03   0.15  0.15  0.08  0.06
2023-07-04   0.12  0.11  0.15  0.13
2023-07-05   0.14  0.18  0.15  0.13
2023-07-06   0.14  0.19  0.15  0.17
2023-07-07   0.15  0.21  0.15  0.04
2023-07-08   0.14  0.13  0.07  0.19
2023-07-09   0.14  0.15  0.10  0.24
2023-07-10   0.16  0.17  0.11  0.13
2023-07-11   0.11  0.17  0.23  0.15
2023-07-12   0.16  0.21  0.31  0.17
2023-07-13   0.16  0.11  0.15  0.13
2023-07-14   0.13  0.15  0.21  0.13
2023-07-15   0.12  0.19  0.20  0.22
2023-07-16   0.16  0.08  0.10  0.17
2023-07-17   0.12  0.15  0.10  0.13
2023-07-18   0.15  0.14  0.18  0.15
2023-07-19   0.19  0.13  0.18  0.24
2023-07-20   0.14  0.13  0.10  0.24
2023-07-21   0.12  0.18  0.10  0.11
2023-07-22   0.15  0.15  0.16  0.06
2023-07-23   0.17  0.10  0.13  0.15
2023-07-24   0.14  0.13  0.21  0.09
2023-07-25   0.17  0.11  0.08  0.13
2023-07-26   0.13  0.13  0.07  0.15
2023-07-27   0.13  0.10  0.07  0.13
2023-07-28   0.16  0.18  0.18  0.22
2023-07-29   0.16  0.14  0.13  0.09
2023-07-30   0.14  0.08  0.23  0.19
2023-07-31   0.12  0.15  0.08  0.15
2023-08-01   0.10  0.15  0.08  0.09
2023-08-02   0.12  0.19  0.08  0.15
2023-08-03   0.11  0.14  0.11  0.11
2023-08-04   0.11  0.15  0.20  0.17
2023-08-05   0.14  0.18  0.15  0.13
2023-08-06   0.15  0.18  0.15  0.11
2023-08-07   0.14  0.15  0.08  0.15
2023-08-08   0.13  0.10  0.20  0.17
2023-08-09   0.15  0.11  0.16  0.13
2023-08-10   0.14  0.06  0.07  0.22
2023-08-11   0.16  0.08  0.10  0.06
2023-08-12   0.15  0.14  0.08  0.13
2023-08-13   0.15  0.10  0.10  0.17
2023-08-14   0.14  0.14  0.08  0.19
2023-08-15   0.13  0.21  0.10  0.09
2023-08-16   0.18  0.13  0.13  0.11
2023-08-17   0.14  0.04  0.11  0.11
2023-08-18   0.13  0.15  0.18  0.17
2023-08-19   0.15  0.15  0.15  0.13
2023-08-20   0.14  0.10  0.13  0.13
2023-08-21   0.13  0.10  0.15  0.13
2023-08-22   0.14  0.21  0.21  0.19
2023-08-23   0.13  0.08  0.18  0.15
2023-08-24   0.15  0.11  0.16  0.11
2023-08-25   0.19  0.08  0.13  0.11
2023-08-26   0.16  0.08  0.21  0.04
2023-08-27   0.17  0.14  0.11  0.09
2023-08-28   0.16  0.07  0.15  0.11
2023-08-29   0.14  0.11  0.13  0.15
2023-08-30   0.11  0.14  0.15  0.11
2023-08-31   0.18  0.10  0.18  0.17
2023-09-01   0.13  0.15  0.08  0.15
2023-09-02   0.13  0.08  0.18  0.17
2023-09-03   0.15  0.17  0.23  0.11
2023-09-04   0.18  0.17  0.20  0.09
2023-09-05   0.12  0.11  0.13  0.15
2023-09-06   0.11  0.13  0.10  0.13
2023-09-07   0.12  0.18  0.10  0.13
2023-09-08   0.14  0.08  0.16  0.15
2023-09-09   0.17  0.11  0.03  0.09
2023-09-10   0.15  0.14  0.13  0.15
2023-09-11   0.14  0.22  0.20  0.22
2023-09-12   0.13  0.14  0.16  0.15
2023-09-13   0.17  0.07  0.21  0.13
2023-09-14   0.15  0.17  0.25  0.11
2023-09-15   0.12  0.18  0.15  0.11
2023-09-16   0.10  0.17  0.23  0.15
2023-09-17   0.15  0.15  0.10  0.09
2023-09-18   0.14  0.15  0.16  0.26
2023-09-19   0.15  0.15  0.15  0.26
2023-09-20   0.14  0.18  0.16  0.19
2023-09-21   0.14  0.19  0.20  0.06
2023-09-22   0.12  0.18  0.08  0.22
2023-09-23   0.17  0.18  0.13  0.11
2023-09-24   0.12  0.10  0.10  0.22
2023-09-25   0.15  0.11  0.11  0.11
2023-09-26   0.13  0.15  0.16  0.24
2023-09-27   0.15  0.11  0.15  0.19
2023-09-28   0.16  0.08  0.10  0.17
2023-09-29   0.15  0.17  0.15  0.11
2023-09-30   0.13  0.17  0.13  0.17
2023-10-01   0.13  0.11  0.23  0.17
2023-10-02   0.15  0.19  0.13  0.22
2023-10-03   0.18  0.18  0.26  0.22
2023-10-04   0.12  0.10  0.11  0.13
2023-10-05   0.12  0.10  0.10  0.22
2023-10-06   0.16  0.18  0.16  0.11
2023-10-07   0.14  0.14  0.21  0.15
2023-10-08   0.14  0.18  0.15  0.13
2023-10-09   0.15  0.11  0.07  0.17
2023-10-10   0.11  0.08  0.13  0.13
2023-10-11   0.14  0.08  0.05  0.19
2023-10-12   0.13  0.14  0.15  0.15
2023-10-13   0.14  0.08  0.10  0.17
2023-10-14   0.14  0.17  0.21  0.13
2023-10-15   0.15  0.17  0.11  0.15
2023-10-16   0.12  0.19  0.15  0.04
2023-10-17   0.14  0.14  0.23  0.22
2023-10-18   0.14  0.10  0.20  0.15
2023-10-19   0.15  0.18  0.07  0.15
2023-10-20   0.15  0.14  0.16  0.13
2023-10-21   0.14  0.21  0.20  0.19
2023-10-22   0.13  0.19  0.10  0.09
2023-10-23   0.15  0.13  0.18  0.17
2023-10-24   0.15  0.17  0.16  0.19
2023-10-25   0.13  0.11  0.11  0.17
2023-10-26   0.15  0.14  0.08  0.15
2023-10-27   0.13  0.10  0.13  0.13
2023-10-28   0.12  0.17  0.13  0.09
2023-10-29   0.14  0.10  0.25  0.26
2023-10-30   0.13  0.11  0.15  0.19
2023-10-31   0.15  0.15  0.10  0.19
2023-11-01   0.16  0.13  0.21  0.17
2023-11-02   0.12  0.13  0.16  0.06
2023-11-03   0.12  0.17  0.16  0.11
2023-11-04   0.20  0.11  0.15  0.13
2023-11-05   0.14  0.14  0.13  0.13
2023-11-06   0.12  0.10  0.13  0.30
2023-11-07   0.13  0.17  0.13  0.24
2023-11-08   0.14  0.14  0.08  0.17
2023-11-09   0.15  0.19  0.20  0.13
2023-11-10   0.13  0.15  0.11  0.17
2023-11-11   0.13  0.14  0.13  0.06
2023-11-12   0.09  0.06  0.15  0.09
2023-11-13   0.14  0.21  0.08  0.17
2023-11-14   0.16  0.14  0.15  0.09
2023-11-15   0.12  0.21  0.13  0.13
2023-11-16   0.14  0.24  0.16  0.13
2023-11-17   0.13  0.10  0.16  0.19
2023-11-18   0.15  0.13  0.11  0.26
2023-11-19   0.15  0.13  0.15  0.13
2023-11-20   0.15  0.18  0.08  0.11
2023-11-21   0.16  0.11  0.11  0.06
2023-11-22   0.12  0.22  0.07  0.11
2023-11-23   0.15  0.13  0.11  0.17
2023-11-24   0.16  0.17  0.13  0.13
2023-11-25   0.13  0.17  0.13  0.17
2023-11-26   0.14  0.17  0.10  0.24
2023-11-27   0.18  0.14  0.23  0.17
2023-11-28   0.14  0.15  0.08  0.17
2023-11-29   0.15  0.21  0.18  0.13
2023-11-30   0.13  0.13  0.18  0.17
2023-12-01   0.16  0.10  0.15  0.02
2023-12-02   0.12  0.18  0.18  0.11

--- return_date ---
abuse_label     0     1     2     3
return_date                        
2022-01-02   0.00  0.00  0.02  0.00
2022-01-03   0.00  0.01  0.07  0.00
2022-01-04   0.02  0.01  0.13  0.00
2022-01-05   0.03  0.00  0.10  0.00
2022-01-06   0.04  0.01  0.16  0.00
2022-01-07   0.04  0.03  0.15  0.00
2022-01-08   0.03  0.03  0.16  0.00
2022-01-09   0.04  0.07  0.15  0.00
2022-01-10   0.06  0.04  0.18  0.00
2022-01-11   0.03  0.04  0.13  0.00
2022-01-12   0.04  0.01  0.16  0.00
2022-01-13   0.07  0.08  0.07  0.00
2022-01-14   0.08  0.04  0.15  0.00
2022-01-15   0.04  0.03  0.21  0.00
2022-01-16   0.06  0.08  0.18  0.00
2022-01-17   0.07  0.08  0.11  0.00
2022-01-18   0.07  0.10  0.15  0.00
2022-01-19   0.09  0.07  0.15  0.00
2022-01-20   0.10  0.07  0.16  0.00
2022-01-21   0.11  0.15  0.20  0.00
2022-01-22   0.11  0.17  0.11  0.00
2022-01-23   0.09  0.08  0.11  0.00
2022-01-24   0.13  0.08  0.11  0.00
2022-01-25   0.11  0.17  0.10  0.00
2022-01-26   0.13  0.14  0.15  0.00
2022-01-27   0.13  0.21  0.13  0.00
2022-01-28   0.13  0.17  0.13  0.00
2022-01-29   0.12  0.10  0.18  0.04
2022-01-30   0.14  0.06  0.11  0.02
2022-01-31   0.15  0.22  0.11  0.02
2022-02-01   0.15  0.08  0.13  0.04
2022-02-02   0.15  0.17  0.07  0.00
2022-02-03   0.15  0.08  0.07  0.04
2022-02-04   0.13  0.08  0.07  0.04
2022-02-05   0.15  0.11  0.08  0.04
2022-02-06   0.16  0.19  0.18  0.04
2022-02-07   0.12  0.22  0.15  0.06
2022-02-08   0.15  0.24  0.07  0.02
2022-02-09   0.16  0.10  0.16  0.06
2022-02-10   0.14  0.15  0.10  0.11
2022-02-11   0.16  0.13  0.11  0.09
2022-02-12   0.15  0.13  0.21  0.06
2022-02-13   0.15  0.21  0.23  0.11
2022-02-14   0.14  0.15  0.13  0.11
2022-02-15   0.13  0.14  0.08  0.15
2022-02-16   0.12  0.13  0.18  0.11
2022-02-17   0.15  0.13  0.16  0.11
2022-02-18   0.13  0.11  0.15  0.04
2022-02-19   0.12  0.17  0.11  0.13
2022-02-20   0.14  0.18  0.13  0.11
2022-02-21   0.13  0.13  0.15  0.04
2022-02-22   0.17  0.17  0.21  0.13
2022-02-23   0.14  0.18  0.07  0.09
2022-02-24   0.13  0.11  0.13  0.19
2022-02-25   0.17  0.19  0.13  0.22
2022-02-26   0.15  0.15  0.25  0.06
2022-02-27   0.17  0.10  0.05  0.19
2022-02-28   0.13  0.10  0.15  0.13
2022-03-01   0.12  0.17  0.18  0.09
2022-03-02   0.15  0.21  0.23  0.15
2022-03-03   0.15  0.11  0.10  0.09
2022-03-04   0.13  0.13  0.11  0.15
2022-03-05   0.11  0.03  0.11  0.13
2022-03-06   0.13  0.21  0.18  0.11
2022-03-07   0.15  0.17  0.16  0.04
2022-03-08   0.14  0.11  0.13  0.26
2022-03-09   0.14  0.18  0.11  0.09
2022-03-10   0.12  0.06  0.11  0.19
2022-03-11   0.19  0.19  0.18  0.13
2022-03-12   0.10  0.08  0.18  0.13
2022-03-13   0.15  0.18  0.13  0.17
2022-03-14   0.14  0.17  0.21  0.11
2022-03-15   0.15  0.19  0.15  0.11
2022-03-16   0.17  0.06  0.21  0.17
2022-03-17   0.15  0.18  0.18  0.17
2022-03-18   0.16  0.13  0.13  0.11
2022-03-19   0.13  0.11  0.11  0.19
2022-03-20   0.14  0.13  0.21  0.17
2022-03-21   0.15  0.11  0.23  0.11
2022-03-22   0.14  0.17  0.13  0.17
2022-03-23   0.16  0.13  0.11  0.19
2022-03-24   0.16  0.15  0.10  0.15
2022-03-25   0.18  0.14  0.18  0.06
2022-03-26   0.15  0.24  0.18  0.22
2022-03-27   0.14  0.17  0.25  0.15
2022-03-28   0.18  0.17  0.13  0.13
2022-03-29   0.11  0.08  0.15  0.11
2022-03-30   0.11  0.14  0.18  0.09
2022-03-31   0.10  0.17  0.11  0.13
2022-04-01   0.15  0.18  0.10  0.13
2022-04-02   0.16  0.22  0.21  0.11
2022-04-03   0.13  0.10  0.18  0.35
2022-04-04   0.13  0.13  0.10  0.19
2022-04-05   0.14  0.11  0.10  0.06
2022-04-06   0.15  0.11  0.28  0.17
2022-04-07   0.13  0.13  0.13  0.09
2022-04-08   0.16  0.10  0.11  0.15
2022-04-09   0.14  0.11  0.07  0.17
2022-04-10   0.14  0.15  0.08  0.06
2022-04-11   0.14  0.13  0.28  0.19
2022-04-12   0.17  0.18  0.16  0.15
2022-04-13   0.15  0.15  0.16  0.22
2022-04-14   0.15  0.11  0.10  0.06
2022-04-15   0.12  0.10  0.11  0.11
2022-04-16   0.14  0.13  0.15  0.15
2022-04-17   0.16  0.13  0.13  0.15
2022-04-18   0.16  0.14  0.13  0.13
2022-04-19   0.14  0.24  0.11  0.09
2022-04-20   0.16  0.17  0.13  0.09
2022-04-21   0.18  0.14  0.18  0.13
2022-04-22   0.19  0.19  0.16  0.17
2022-04-23   0.15  0.15  0.05  0.11
2022-04-24   0.15  0.19  0.13  0.15
2022-04-25   0.16  0.21  0.08  0.15
2022-04-26   0.12  0.15  0.08  0.06
2022-04-27   0.15  0.11  0.18  0.28
2022-04-28   0.12  0.21  0.07  0.13
2022-04-29   0.13  0.10  0.08  0.22
2022-04-30   0.12  0.13  0.13  0.09
2022-05-01   0.15  0.10  0.21  0.22
2022-05-02   0.15  0.15  0.11  0.13
2022-05-03   0.15  0.07  0.15  0.09
2022-05-04   0.12  0.18  0.18  0.09
2022-05-05   0.12  0.17  0.10  0.09
2022-05-06   0.12  0.15  0.15  0.15
2022-05-07   0.15  0.08  0.13  0.09
2022-05-08   0.14  0.18  0.16  0.19
2022-05-09   0.14  0.15  0.16  0.17
2022-05-10   0.15  0.13  0.18  0.15
2022-05-11   0.13  0.13  0.11  0.22
2022-05-12   0.16  0.22  0.20  0.13
2022-05-13   0.15  0.17  0.07  0.17
2022-05-14   0.15  0.22  0.18  0.19
2022-05-15   0.15  0.15  0.10  0.17
2022-05-16   0.11  0.18  0.18  0.11
2022-05-17   0.15  0.11  0.13  0.09
2022-05-18   0.15  0.07  0.18  0.15
2022-05-19   0.17  0.17  0.11  0.15
2022-05-20   0.15  0.17  0.11  0.09
2022-05-21   0.15  0.10  0.11  0.11
2022-05-22   0.16  0.21  0.10  0.06
2022-05-23   0.16  0.17  0.13  0.19
2022-05-24   0.12  0.11  0.16  0.19
2022-05-25   0.14  0.11  0.15  0.19
2022-05-26   0.13  0.19  0.15  0.13
2022-05-27   0.18  0.10  0.15  0.09
2022-05-28   0.12  0.14  0.18  0.15
2022-05-29   0.15  0.08  0.08  0.15
2022-05-30   0.13  0.14  0.13  0.11
2022-05-31   0.16  0.14  0.15  0.11
2022-06-01   0.14  0.13  0.20  0.13
2022-06-02   0.17  0.15  0.18  0.24
2022-06-03   0.12  0.14  0.13  0.22
2022-06-04   0.15  0.18  0.16  0.13
2022-06-05   0.15  0.14  0.13  0.19
2022-06-06   0.13  0.14  0.16  0.11
2022-06-07   0.15  0.11  0.20  0.13
2022-06-08   0.16  0.11  0.28  0.11
2022-06-09   0.15  0.19  0.08  0.24
2022-06-10   0.14  0.13  0.10  0.13
2022-06-11   0.12  0.15  0.13  0.11
2022-06-12   0.15  0.21  0.20  0.22
2022-06-13   0.13  0.22  0.10  0.22
2022-06-14   0.12  0.14  0.10  0.15
2022-06-15   0.14  0.17  0.10  0.22
2022-06-16   0.13  0.15  0.13  0.15
2022-06-17   0.15  0.21  0.16  0.11
2022-06-18   0.09  0.06  0.23  0.17
2022-06-19   0.16  0.13  0.21  0.19
2022-06-20   0.14  0.22  0.21  0.17
2022-06-21   0.18  0.08  0.13  0.19
2022-06-22   0.18  0.17  0.15  0.24
2022-06-23   0.10  0.13  0.11  0.17
2022-06-24   0.16  0.14  0.13  0.17
2022-06-25   0.15  0.15  0.15  0.06
2022-06-26   0.14  0.11  0.13  0.11
2022-06-27   0.18  0.15  0.15  0.06
2022-06-28   0.12  0.15  0.13  0.06
2022-06-29   0.12  0.08  0.20  0.11
2022-06-30   0.15  0.08  0.10  0.15
2022-07-01   0.17  0.22  0.21  0.06
2022-07-02   0.15  0.21  0.18  0.15
2022-07-03   0.17  0.11  0.10  0.09
2022-07-04   0.15  0.13  0.16  0.15
2022-07-05   0.13  0.15  0.11  0.13
2022-07-06   0.17  0.13  0.10  0.17
2022-07-07   0.14  0.14  0.21  0.11
2022-07-08   0.15  0.06  0.13  0.06
2022-07-09   0.11  0.10  0.20  0.19
2022-07-10   0.14  0.10  0.13  0.06
2022-07-11   0.14  0.08  0.16  0.15
2022-07-12   0.15  0.13  0.16  0.15
2022-07-13   0.13  0.15  0.13  0.22
2022-07-14   0.12  0.14  0.16  0.13
2022-07-15   0.12  0.17  0.11  0.26
2022-07-16   0.15  0.14  0.18  0.04
2022-07-17   0.14  0.10  0.16  0.06
2022-07-18   0.11  0.15  0.15  0.09
2022-07-19   0.13  0.17  0.16  0.06
2022-07-20   0.12  0.19  0.15  0.17
2022-07-21   0.14  0.15  0.08  0.09
2022-07-22   0.16  0.08  0.20  0.09
2022-07-23   0.14  0.18  0.13  0.19
2022-07-24   0.13  0.14  0.08  0.22
2022-07-25   0.15  0.15  0.21  0.15
2022-07-26   0.15  0.18  0.16  0.17
2022-07-27   0.13  0.15  0.08  0.15
2022-07-28   0.16  0.14  0.10  0.11
2022-07-29   0.15  0.18  0.25  0.26
2022-07-30   0.15  0.13  0.18  0.13
2022-07-31   0.13  0.21  0.16  0.02
2022-08-01   0.15  0.25  0.10  0.17
2022-08-02   0.13  0.19  0.15  0.15
2022-08-03   0.14  0.15  0.13  0.06
2022-08-04   0.10  0.08  0.23  0.11
2022-08-05   0.15  0.10  0.10  0.30
2022-08-06   0.17  0.08  0.18  0.13
2022-08-07   0.14  0.13  0.15  0.11
2022-08-08   0.13  0.21  0.16  0.15
2022-08-09   0.13  0.10  0.20  0.15
2022-08-10   0.13  0.14  0.28  0.11
2022-08-11   0.13  0.19  0.18  0.15
2022-08-12   0.15  0.11  0.13  0.06
2022-08-13   0.13  0.08  0.07  0.19
2022-08-14   0.14  0.11  0.15  0.17
2022-08-15   0.12  0.10  0.11  0.09
2022-08-16   0.14  0.19  0.20  0.06
2022-08-17   0.12  0.13  0.13  0.22
2022-08-18   0.15  0.15  0.13  0.09
2022-08-19   0.14  0.17  0.20  0.04
2022-08-20   0.14  0.08  0.10  0.13
2022-08-21   0.16  0.14  0.08  0.11
2022-08-22   0.14  0.11  0.03  0.04
2022-08-23   0.12  0.14  0.18  0.09
2022-08-24   0.15  0.18  0.15  0.17
2022-08-25   0.13  0.15  0.15  0.13
2022-08-26   0.13  0.19  0.16  0.09
2022-08-27   0.15  0.24  0.16  0.11
2022-08-28   0.18  0.14  0.10  0.09
2022-08-29   0.13  0.14  0.18  0.02
2022-08-30   0.14  0.21  0.10  0.15
2022-08-31   0.14  0.24  0.08  0.19
2022-09-01   0.14  0.17  0.11  0.11
2022-09-02   0.14  0.18  0.16  0.11
2022-09-03   0.13  0.13  0.16  0.17
2022-09-04   0.13  0.21  0.16  0.13
2022-09-05   0.14  0.22  0.11  0.11
2022-09-06   0.15  0.10  0.16  0.11
2022-09-07   0.14  0.10  0.07  0.11
2022-09-08   0.13  0.10  0.08  0.02
2022-09-09   0.18  0.08  0.16  0.06
2022-09-10   0.15  0.13  0.05  0.15
2022-09-11   0.15  0.15  0.13  0.15
2022-09-12   0.15  0.18  0.13  0.19
2022-09-13   0.12  0.07  0.16  0.15
2022-09-14   0.15  0.14  0.18  0.17
2022-09-15   0.12  0.17  0.15  0.30
2022-09-16   0.12  0.18  0.08  0.17
2022-09-17   0.13  0.10  0.11  0.17
2022-09-18   0.14  0.14  0.08  0.09
2022-09-19   0.17  0.15  0.13  0.13
2022-09-20   0.16  0.13  0.16  0.09
2022-09-21   0.13  0.08  0.08  0.13
2022-09-22   0.13  0.08  0.13  0.13
2022-09-23   0.15  0.15  0.15  0.06
2022-09-24   0.17  0.15  0.13  0.26
2022-09-25   0.15  0.07  0.15  0.06
2022-09-26   0.15  0.21  0.13  0.09
2022-09-27   0.11  0.17  0.26  0.04
2022-09-28   0.14  0.11  0.13  0.17
2022-09-29   0.15  0.18  0.20  0.06
2022-09-30   0.15  0.15  0.13  0.17
2022-10-01   0.14  0.08  0.13  0.28
2022-10-02   0.15  0.15  0.08  0.09
2022-10-03   0.12  0.10  0.20  0.06
2022-10-04   0.15  0.07  0.23  0.04
2022-10-05   0.14  0.15  0.08  0.26
2022-10-06   0.16  0.24  0.07  0.13
2022-10-07   0.14  0.07  0.13  0.06
2022-10-08   0.17  0.17  0.13  0.19
2022-10-09   0.13  0.14  0.10  0.17
2022-10-10   0.14  0.08  0.13  0.22
2022-10-11   0.15  0.17  0.10  0.11
2022-10-12   0.16  0.13  0.16  0.15
2022-10-13   0.09  0.13  0.10  0.11
2022-10-14   0.15  0.14  0.29  0.04
2022-10-15   0.15  0.11  0.15  0.24
2022-10-16   0.14  0.17  0.08  0.13
2022-10-17   0.14  0.11  0.20  0.19
2022-10-18   0.14  0.21  0.15  0.15
2022-10-19   0.19  0.15  0.10  0.13
2022-10-20   0.17  0.28  0.16  0.19
2022-10-21   0.14  0.11  0.13  0.09
2022-10-22   0.14  0.25  0.10  0.17
2022-10-23   0.10  0.10  0.16  0.09
2022-10-24   0.14  0.14  0.10  0.19
2022-10-25   0.13  0.14  0.15  0.17
2022-10-26   0.15  0.11  0.20  0.13
2022-10-27   0.14  0.18  0.20  0.15
2022-10-28   0.14  0.14  0.10  0.22
2022-10-29   0.14  0.07  0.20  0.09
2022-10-30   0.18  0.21  0.11  0.11
2022-10-31   0.14  0.17  0.13  0.04
2022-11-01   0.15  0.06  0.08  0.17
2022-11-02   0.14  0.13  0.18  0.09
2022-11-03   0.13  0.04  0.15  0.13
2022-11-04   0.15  0.10  0.11  0.09
2022-11-05   0.14  0.18  0.11  0.15
2022-11-06   0.14  0.11  0.10  0.11
2022-11-07   0.15  0.08  0.11  0.06
2022-11-08   0.13  0.13  0.13  0.13
2022-11-09   0.13  0.13  0.18  0.26
2022-11-10   0.17  0.07  0.13  0.09
2022-11-11   0.16  0.14  0.18  0.11
2022-11-12   0.10  0.14  0.15  0.09
2022-11-13   0.16  0.13  0.13  0.13
2022-11-14   0.12  0.13  0.08  0.15
2022-11-15   0.15  0.15  0.08  0.24
2022-11-16   0.15  0.14  0.10  0.09
2022-11-17   0.15  0.18  0.15  0.04
2022-11-18   0.15  0.15  0.15  0.19
2022-11-19   0.12  0.19  0.18  0.09
2022-11-20   0.15  0.18  0.10  0.13
2022-11-21   0.15  0.14  0.15  0.13
2022-11-22   0.15  0.21  0.10  0.24
2022-11-23   0.12  0.18  0.15  0.11
2022-11-24   0.15  0.14  0.11  0.09
2022-11-25   0.12  0.10  0.05  0.26
2022-11-26   0.14  0.11  0.11  0.13
2022-11-27   0.12  0.13  0.20  0.19
2022-11-28   0.14  0.08  0.16  0.15
2022-11-29   0.17  0.15  0.15  0.15
2022-11-30   0.17  0.08  0.15  0.15
2022-12-01   0.16  0.13  0.21  0.15
2022-12-02   0.12  0.11  0.18  0.15
2022-12-03   0.16  0.17  0.08  0.13
2022-12-04   0.11  0.13  0.18  0.17
2022-12-05   0.16  0.15  0.08  0.15
2022-12-06   0.14  0.14  0.11  0.06
2022-12-07   0.16  0.13  0.13  0.15
2022-12-08   0.14  0.04  0.13  0.09
2022-12-09   0.14  0.10  0.13  0.06
2022-12-10   0.15  0.14  0.10  0.13
2022-12-11   0.12  0.15  0.13  0.09
2022-12-12   0.11  0.14  0.21  0.24
2022-12-13   0.16  0.21  0.16  0.04
2022-12-14   0.14  0.15  0.16  0.19
2022-12-15   0.14  0.13  0.13  0.22
2022-12-16   0.15  0.11  0.23  0.13
2022-12-17   0.12  0.17  0.07  0.17
2022-12-18   0.13  0.14  0.10  0.04
2022-12-19   0.16  0.15  0.11  0.15
2022-12-20   0.13  0.15  0.15  0.17
2022-12-21   0.18  0.18  0.16  0.19
2022-12-22   0.15  0.18  0.20  0.26
2022-12-23   0.16  0.11  0.13  0.24
2022-12-24   0.12  0.24  0.11  0.13
2022-12-25   0.15  0.22  0.18  0.13
2022-12-26   0.14  0.14  0.11  0.15
2022-12-27   0.15  0.17  0.20  0.15
2022-12-28   0.15  0.11  0.15  0.15
2022-12-29   0.12  0.07  0.13  0.13
2022-12-30   0.15  0.21  0.10  0.09
2022-12-31   0.15  0.17  0.18  0.17
2023-01-01   0.17  0.13  0.11  0.13
2023-01-02   0.15  0.06  0.18  0.11
2023-01-03   0.12  0.13  0.11  0.17
2023-01-04   0.13  0.14  0.08  0.09
2023-01-05   0.15  0.11  0.26  0.13
2023-01-06   0.16  0.19  0.15  0.04
2023-01-07   0.14  0.17  0.13  0.11
2023-01-08   0.15  0.18  0.11  0.19
2023-01-09   0.13  0.18  0.05  0.19
2023-01-10   0.17  0.13  0.08  0.13
2023-01-11   0.14  0.14  0.11  0.22
2023-01-12   0.12  0.14  0.16  0.09
2023-01-13   0.12  0.19  0.10  0.11
2023-01-14   0.14  0.15  0.11  0.26
2023-01-15   0.13  0.17  0.20  0.15
2023-01-16   0.14  0.24  0.16  0.06
2023-01-17   0.15  0.07  0.23  0.17
2023-01-18   0.14  0.19  0.20  0.09
2023-01-19   0.16  0.10  0.13  0.24
2023-01-20   0.13  0.15  0.13  0.11
2023-01-21   0.13  0.14  0.16  0.17
2023-01-22   0.12  0.11  0.11  0.11
2023-01-23   0.16  0.14  0.11  0.09
2023-01-24   0.15  0.11  0.21  0.17
2023-01-25   0.14  0.19  0.15  0.19
2023-01-26   0.13  0.13  0.16  0.13
2023-01-27   0.16  0.13  0.18  0.17
2023-01-28   0.14  0.22  0.11  0.19
2023-01-29   0.12  0.13  0.25  0.11
2023-01-30   0.13  0.14  0.11  0.11
2023-01-31   0.12  0.11  0.15  0.15
2023-02-01   0.14  0.15  0.11  0.15
2023-02-02   0.14  0.14  0.11  0.19
2023-02-03   0.14  0.06  0.16  0.11
2023-02-04   0.15  0.15  0.15  0.22
2023-02-05   0.09  0.17  0.15  0.17
2023-02-06   0.14  0.18  0.07  0.19
2023-02-07   0.13  0.17  0.20  0.24
2023-02-08   0.17  0.17  0.21  0.24
2023-02-09   0.16  0.13  0.08  0.22
2023-02-10   0.15  0.14  0.11  0.02
2023-02-11   0.12  0.13  0.15  0.13
2023-02-12   0.14  0.10  0.05  0.06
2023-02-13   0.12  0.15  0.16  0.28
2023-02-14   0.17  0.18  0.07  0.11
2023-02-15   0.13  0.17  0.18  0.22
2023-02-16   0.16  0.13  0.15  0.06
2023-02-17   0.14  0.07  0.21  0.11
2023-02-18   0.13  0.06  0.11  0.11
2023-02-19   0.12  0.13  0.18  0.19
2023-02-20   0.15  0.15  0.16  0.09
2023-02-21   0.15  0.17  0.15  0.17
2023-02-22   0.18  0.25  0.20  0.22
2023-02-23   0.16  0.13  0.11  0.19
2023-02-24   0.16  0.21  0.08  0.11
2023-02-25   0.13  0.10  0.16  0.13
2023-02-26   0.13  0.15  0.29  0.11
2023-02-27   0.12  0.17  0.15  0.17
2023-02-28   0.18  0.13  0.11  0.22
2023-03-01   0.10  0.18  0.23  0.09
2023-03-02   0.15  0.10  0.11  0.15
2023-03-03   0.16  0.17  0.23  0.17
2023-03-04   0.18  0.19  0.21  0.15
2023-03-05   0.15  0.11  0.13  0.09
2023-03-06   0.15  0.21  0.16  0.30
2023-03-07   0.13  0.14  0.07  0.22
2023-03-08   0.17  0.19  0.13  0.24
2023-03-09   0.14  0.10  0.10  0.19
2023-03-10   0.16  0.13  0.13  0.24
2023-03-11   0.13  0.18  0.11  0.09
2023-03-12   0.12  0.07  0.08  0.19
2023-03-13   0.13  0.08  0.11  0.04
2023-03-14   0.14  0.17  0.20  0.09
2023-03-15   0.12  0.13  0.16  0.11
2023-03-16   0.14  0.10  0.10  0.13
2023-03-17   0.16  0.14  0.26  0.15
2023-03-18   0.20  0.14  0.16  0.06
2023-03-19   0.12  0.17  0.25  0.17
2023-03-20   0.14  0.21  0.11  0.13
2023-03-21   0.14  0.15  0.07  0.11
2023-03-22   0.20  0.11  0.08  0.19
2023-03-23   0.15  0.15  0.08  0.30
2023-03-24   0.17  0.08  0.13  0.09
2023-03-25   0.16  0.07  0.18  0.24
2023-03-26   0.13  0.17  0.15  0.15
2023-03-27   0.16  0.15  0.20  0.13
2023-03-28   0.13  0.18  0.13  0.15
2023-03-29   0.11  0.13  0.21  0.24
2023-03-30   0.13  0.13  0.11  0.06
2023-03-31   0.15  0.08  0.26  0.13
2023-04-01   0.11  0.19  0.16  0.26
2023-04-02   0.10  0.19  0.13  0.24
2023-04-03   0.13  0.14  0.11  0.09
2023-04-04   0.16  0.08  0.20  0.15
2023-04-05   0.15  0.11  0.18  0.15
2023-04-06   0.15  0.08  0.11  0.11
2023-04-07   0.18  0.14  0.16  0.15
2023-04-08   0.16  0.26  0.18  0.19
2023-04-09   0.13  0.17  0.13  0.06
2023-04-10   0.15  0.14  0.10  0.11
2023-04-11   0.15  0.18  0.10  0.11
2023-04-12   0.13  0.14  0.10  0.11
2023-04-13   0.15  0.18  0.15  0.22
2023-04-14   0.14  0.13  0.11  0.19
2023-04-15   0.13  0.19  0.07  0.04
2023-04-16   0.10  0.11  0.13  0.09
2023-04-17   0.15  0.14  0.21  0.26
2023-04-18   0.14  0.19  0.10  0.13
2023-04-19   0.16  0.13  0.15  0.09
2023-04-20   0.13  0.19  0.15  0.17
2023-04-21   0.12  0.15  0.13  0.28
2023-04-22   0.12  0.14  0.18  0.11
2023-04-23   0.14  0.14  0.15  0.06
2023-04-24   0.16  0.15  0.15  0.26
2023-04-25   0.15  0.08  0.11  0.15
2023-04-26   0.14  0.14  0.13  0.22
2023-04-27   0.14  0.13  0.18  0.26
2023-04-28   0.18  0.19  0.20  0.17
2023-04-29   0.14  0.22  0.18  0.04
2023-04-30   0.11  0.14  0.28  0.22
2023-05-01   0.13  0.19  0.13  0.11
2023-05-02   0.19  0.18  0.10  0.11
2023-05-03   0.14  0.11  0.21  0.13
2023-05-04   0.13  0.14  0.13  0.04
2023-05-05   0.13  0.13  0.18  0.09
2023-05-06   0.15  0.19  0.16  0.15
2023-05-07   0.14  0.07  0.10  0.13
2023-05-08   0.15  0.15  0.11  0.11
2023-05-09   0.15  0.21  0.11  0.15
2023-05-10   0.12  0.14  0.21  0.13
2023-05-11   0.13  0.24  0.13  0.06
2023-05-12   0.16  0.07  0.25  0.15
2023-05-13   0.14  0.08  0.10  0.11
2023-05-14   0.17  0.06  0.10  0.30
2023-05-15   0.12  0.19  0.10  0.17
2023-05-16   0.15  0.08  0.13  0.19
2023-05-17   0.14  0.19  0.20  0.22
2023-05-18   0.15  0.10  0.13  0.15
2023-05-19   0.14  0.29  0.11  0.15
2023-05-20   0.12  0.14  0.16  0.15
2023-05-21   0.14  0.15  0.08  0.13
2023-05-22   0.16  0.14  0.18  0.06
2023-05-23   0.14  0.14  0.08  0.15
2023-05-24   0.18  0.21  0.10  0.06
2023-05-25   0.15  0.14  0.15  0.19
2023-05-26   0.19  0.21  0.16  0.15
2023-05-27   0.18  0.19  0.15  0.13
2023-05-28   0.17  0.15  0.18  0.11
2023-05-29   0.18  0.14  0.13  0.09
2023-05-30   0.15  0.14  0.11  0.19
2023-05-31   0.14  0.17  0.13  0.15
2023-06-01   0.16  0.11  0.08  0.13
2023-06-02   0.14  0.11  0.05  0.26
2023-06-03   0.12  0.14  0.23  0.04
2023-06-04   0.14  0.15  0.21  0.09
2023-06-05   0.14  0.13  0.10  0.15
2023-06-06   0.16  0.04  0.13  0.11
2023-06-07   0.17  0.15  0.10  0.06
2023-06-08   0.14  0.13  0.15  0.11
2023-06-09   0.15  0.15  0.20  0.13
2023-06-10   0.15  0.11  0.11  0.11
2023-06-11   0.17  0.14  0.10  0.13
2023-06-12   0.13  0.13  0.02  0.17
2023-06-13   0.15  0.22  0.13  0.17
2023-06-14   0.13  0.10  0.13  0.11
2023-06-15   0.13  0.14  0.20  0.13
2023-06-16   0.14  0.04  0.11  0.19
2023-06-17   0.18  0.18  0.13  0.13
2023-06-18   0.16  0.04  0.20  0.15
2023-06-19   0.13  0.11  0.23  0.06
2023-06-20   0.13  0.10  0.08  0.19
2023-06-21   0.13  0.13  0.16  0.17
2023-06-22   0.11  0.21  0.15  0.15
2023-06-23   0.15  0.11  0.20  0.19
2023-06-24   0.15  0.07  0.11  0.17
2023-06-25   0.17  0.14  0.15  0.22
2023-06-26   0.16  0.22  0.10  0.11
2023-06-27   0.14  0.15  0.13  0.13
2023-06-28   0.14  0.13  0.15  0.13
2023-06-29   0.16  0.11  0.10  0.04
2023-06-30   0.16  0.11  0.21  0.19
2023-07-01   0.18  0.17  0.16  0.13
2023-07-02   0.16  0.11  0.15  0.19
2023-07-03   0.11  0.10  0.08  0.09
2023-07-04   0.13  0.24  0.11  0.15
2023-07-05   0.14  0.21  0.15  0.15
2023-07-06   0.16  0.14  0.13  0.11
2023-07-07   0.14  0.08  0.15  0.24
2023-07-08   0.16  0.15  0.15  0.26
2023-07-09   0.16  0.11  0.13  0.11
2023-07-10   0.13  0.21  0.10  0.13
2023-07-11   0.13  0.19  0.10  0.06
2023-07-12   0.15  0.13  0.07  0.17
2023-07-13   0.13  0.18  0.16  0.17
2023-07-14   0.15  0.13  0.25  0.02
2023-07-15   0.17  0.17  0.18  0.13
2023-07-16   0.14  0.04  0.29  0.15
2023-07-17   0.13  0.21  0.21  0.11
2023-07-18   0.14  0.10  0.10  0.13
2023-07-19   0.18  0.08  0.18  0.09
2023-07-20   0.14  0.25  0.13  0.11
2023-07-21   0.16  0.08  0.15  0.22
2023-07-22   0.14  0.14  0.11  0.13
2023-07-23   0.13  0.21  0.13  0.06
2023-07-24   0.13  0.17  0.10  0.24
2023-07-25   0.14  0.18  0.10  0.09
2023-07-26   0.13  0.15  0.18  0.15
2023-07-27   0.16  0.13  0.18  0.04
2023-07-28   0.14  0.13  0.10  0.11
2023-07-29   0.15  0.06  0.05  0.13
2023-07-30   0.15  0.18  0.15  0.13
2023-07-31   0.13  0.11  0.16  0.11
2023-08-01   0.16  0.19  0.16  0.19
2023-08-02   0.13  0.11  0.10  0.17
2023-08-03   0.13  0.13  0.13  0.15
2023-08-04   0.13  0.10  0.11  0.17
2023-08-05   0.14  0.14  0.10  0.17
2023-08-06   0.15  0.14  0.15  0.13
2023-08-07   0.14  0.15  0.11  0.11
2023-08-08   0.15  0.21  0.18  0.15
2023-08-09   0.16  0.14  0.10  0.13
2023-08-10   0.13  0.07  0.20  0.13
2023-08-11   0.13  0.21  0.11  0.06
2023-08-12   0.13  0.07  0.15  0.22
2023-08-13   0.11  0.14  0.08  0.09
2023-08-14   0.14  0.11  0.10  0.22
2023-08-15   0.13  0.15  0.10  0.13
2023-08-16   0.17  0.17  0.07  0.17
2023-08-17   0.13  0.13  0.11  0.06
2023-08-18   0.15  0.13  0.11  0.09
2023-08-19   0.13  0.17  0.10  0.37
2023-08-20   0.15  0.15  0.10  0.13
2023-08-21   0.15  0.10  0.07  0.15
2023-08-22   0.11  0.19  0.26  0.06
2023-08-23   0.13  0.10  0.21  0.11
2023-08-24   0.16  0.13  0.13  0.13
2023-08-25   0.12  0.18  0.16  0.26
2023-08-26   0.15  0.14  0.15  0.17
2023-08-27   0.15  0.18  0.16  0.09
2023-08-28   0.16  0.13  0.18  0.13
2023-08-29   0.13  0.10  0.11  0.26
2023-08-30   0.14  0.07  0.20  0.22
2023-08-31   0.15  0.11  0.18  0.24
2023-09-01   0.15  0.13  0.11  0.17
2023-09-02   0.14  0.18  0.13  0.15
2023-09-03   0.12  0.11  0.16  0.19
2023-09-04   0.13  0.15  0.28  0.15
2023-09-05   0.13  0.15  0.10  0.09
2023-09-06   0.16  0.15  0.10  0.15
2023-09-07   0.16  0.17  0.15  0.06
2023-09-08   0.16  0.08  0.16  0.15
2023-09-09   0.15  0.15  0.16  0.15
2023-09-10   0.18  0.10  0.11  0.11
2023-09-11   0.15  0.10  0.08  0.09
2023-09-12   0.14  0.19  0.08  0.11
2023-09-13   0.15  0.08  0.13  0.22
2023-09-14   0.13  0.13  0.16  0.09
2023-09-15   0.17  0.15  0.20  0.04
2023-09-16   0.15  0.18  0.23  0.13
2023-09-17   0.16  0.11  0.16  0.22
2023-09-18   0.15  0.14  0.26  0.13
2023-09-19   0.17  0.14  0.15  0.11
2023-09-20   0.13  0.07  0.11  0.11
2023-09-21   0.13  0.08  0.13  0.13
2023-09-22   0.15  0.13  0.18  0.15
2023-09-23   0.13  0.13  0.15  0.11
2023-09-24   0.14  0.17  0.18  0.13
2023-09-25   0.11  0.06  0.15  0.11
2023-09-26   0.14  0.08  0.15  0.19
2023-09-27   0.12  0.13  0.08  0.11
2023-09-28   0.17  0.08  0.08  0.17
2023-09-29   0.17  0.15  0.11  0.13
2023-09-30   0.12  0.19  0.13  0.06
2023-10-01   0.13  0.11  0.15  0.15
2023-10-02   0.15  0.15  0.18  0.04
2023-10-03   0.13  0.14  0.21  0.15
2023-10-04   0.15  0.21  0.15  0.15
2023-10-05   0.12  0.11  0.16  0.17
2023-10-06   0.18  0.11  0.15  0.11
2023-10-07   0.14  0.17  0.10  0.22
2023-10-08   0.13  0.15  0.20  0.15
2023-10-09   0.12  0.08  0.26  0.15
2023-10-10   0.19  0.13  0.11  0.15
2023-10-11   0.15  0.14  0.13  0.13
2023-10-12   0.13  0.15  0.07  0.09
2023-10-13   0.12  0.07  0.16  0.15
2023-10-14   0.16  0.08  0.05  0.11
2023-10-15   0.14  0.19  0.15  0.22
2023-10-16   0.15  0.24  0.08  0.17
2023-10-17   0.15  0.18  0.15  0.24
2023-10-18   0.17  0.13  0.26  0.06
2023-10-19   0.15  0.13  0.13  0.13
2023-10-20   0.14  0.15  0.13  0.19
2023-10-21   0.13  0.18  0.11  0.22
2023-10-22   0.12  0.24  0.20  0.06
2023-10-23   0.14  0.21  0.15  0.09
2023-10-24   0.15  0.15  0.08  0.15
2023-10-25   0.14  0.14  0.18  0.11
2023-10-26   0.18  0.14  0.16  0.11
2023-10-27   0.11  0.19  0.11  0.15
2023-10-28   0.13  0.08  0.20  0.15
2023-10-29   0.14  0.14  0.13  0.22
2023-10-30   0.14  0.08  0.13  0.15
2023-10-31   0.12  0.13  0.13  0.11
2023-11-01   0.12  0.15  0.18  0.17
2023-11-02   0.14  0.17  0.10  0.11
2023-11-03   0.14  0.15  0.18  0.09
2023-11-04   0.13  0.08  0.20  0.11
2023-11-05   0.14  0.11  0.18  0.09
2023-11-06   0.13  0.10  0.20  0.06
2023-11-07   0.13  0.14  0.16  0.24
2023-11-08   0.15  0.13  0.15  0.13
2023-11-09   0.14  0.19  0.10  0.13
2023-11-10   0.14  0.17  0.08  0.11
2023-11-11   0.15  0.15  0.11  0.24
2023-11-12   0.17  0.18  0.11  0.22
2023-11-13   0.13  0.08  0.18  0.24
2023-11-14   0.14  0.08  0.15  0.15
2023-11-15   0.14  0.08  0.11  0.13
2023-11-16   0.15  0.14  0.11  0.17
2023-11-17   0.14  0.14  0.10  0.17
2023-11-18   0.15  0.15  0.20  0.26
2023-11-19   0.13  0.28  0.16  0.13
2023-11-20   0.13  0.14  0.10  0.09
2023-11-21   0.16  0.18  0.11  0.15
2023-11-22   0.15  0.11  0.16  0.15
2023-11-23   0.13  0.08  0.18  0.26
2023-11-24   0.13  0.06  0.03  0.13
2023-11-25   0.11  0.18  0.08  0.24
2023-11-26   0.17  0.18  0.03  0.15
2023-11-27   0.13  0.19  0.10  0.17
2023-11-28   0.12  0.15  0.16  0.02
2023-11-29   0.11  0.18  0.15  0.13
2023-11-30   0.12  0.21  0.16  0.24
2023-12-01   0.15  0.17  0.11  0.22
2023-12-02   0.19  0.08  0.18  0.22
2023-12-03   0.16  0.13  0.10  0.13
2023-12-04   0.13  0.10  0.20  0.13
2023-12-05   0.13  0.15  0.10  0.26
2023-12-06   0.10  0.11  0.10  0.11
2023-12-07   0.11  0.08  0.07  0.19
2023-12-08   0.13  0.15  0.00  0.15
2023-12-09   0.09  0.14  0.00  0.15
2023-12-10   0.10  0.15  0.00  0.13
2023-12-11   0.12  0.21  0.00  0.09
2023-12-12   0.10  0.08  0.00  0.24
2023-12-13   0.10  0.08  0.00  0.13
2023-12-14   0.09  0.11  0.00  0.11
2023-12-15   0.09  0.10  0.00  0.06
2023-12-16   0.10  0.07  0.00  0.30
2023-12-17   0.08  0.14  0.00  0.09
2023-12-18   0.09  0.11  0.00  0.17
2023-12-19   0.06  0.07  0.00  0.09
2023-12-20   0.06  0.06  0.00  0.28
2023-12-21   0.05  0.04  0.00  0.15
2023-12-22   0.04  0.03  0.00  0.15
2023-12-23   0.06  0.07  0.00  0.11
2023-12-24   0.05  0.01  0.00  0.09
2023-12-25   0.03  0.03  0.00  0.09
2023-12-26   0.04  0.03  0.00  0.13
2023-12-27   0.02  0.03  0.00  0.11
2023-12-28   0.02  0.03  0.00  0.24
2023-12-29   0.01  0.01  0.00  0.13
2023-12-30   0.02  0.01  0.00  0.11
2023-12-31   0.02  0.00  0.00  0.24
2024-01-01   0.00  0.01  0.00  0.11
2024-01-02   0.00  0.00  0.00  0.06
2024-01-03   0.00  0.00  0.00  0.17
2024-01-04   0.00  0.00  0.00  0.06
2024-01-05   0.00  0.00  0.00  0.13
2024-01-06   0.00  0.00  0.00  0.13
2024-01-07   0.00  0.00  0.00  0.04
2024-01-08   0.00  0.00  0.00  0.15
2024-01-09   0.00  0.00  0.00  0.09
2024-01-10   0.00  0.00  0.00  0.06
2024-01-11   0.00  0.00  0.00  0.13
2024-01-12   0.00  0.00  0.00  0.06
2024-01-13   0.00  0.00  0.00  0.04
2024-01-14   0.00  0.00  0.00  0.11
2024-01-15   0.00  0.00  0.00  0.02
2024-01-16   0.00  0.00  0.00  0.02
2024-01-17   0.00  0.00  0.00  0.04
2024-01-18   0.00  0.00  0.00  0.04
2024-01-20   0.00  0.00  0.00  0.04
2024-01-21   0.00  0.00  0.00  0.02
2024-01-23   0.00  0.00  0.00  0.02
2024-01-25   0.00  0.00  0.00  0.04

--- return_reason ---
abuse_label             0      1      2      3
return_reason                                 
Accidental Order     1.96   4.94   4.97   4.59
Arrived Late         5.10   4.60   9.70   4.83
Changed Mind         9.83  20.73   4.89  19.95
Defective/Broken    15.13   5.08   4.81   1.55
Found Better Price   5.02  14.36   4.96  10.42
Gift Duplicate       4.91   5.42   2.00   4.59
Item Not Received    3.01   5.21  35.09   1.27
Not As Described    14.87   9.71  10.62  15.49
Quality Issue        7.94   5.03   7.22   4.53
Too Large           10.08   9.77   3.30  15.66
Too Small           10.01  10.26   2.83  15.01
Wrong Item Sent     12.13   4.88   9.60   2.09

--- shipping_carrier ---
abuse_label           0      1      2      3
shipping_carrier                            
DHL               20.18  19.63  19.62  19.91
FedEx             20.26  19.61  19.90  19.76
OnTrac            19.90  20.49  20.47  20.38
UPS               20.22  20.09  19.40  19.69
USPS              19.44  20.18  20.62  20.25